{
 "cells": [
  {
   "cell_type": "markdown",
   "metadata": {},
   "source": [
    "# House Price Prediction"
   ]
  },
  {
   "cell_type": "markdown",
   "metadata": {},
   "source": [
    "This project is from kaggle competition. https://www.kaggle.com/c/house-prices-advanced-regression-techniques\n",
    "\n",
    "The objective is to predict house sales price based on a number of features. \n",
    "\n",
    "Let's start with importing necessary modules. "
   ]
  },
  {
   "cell_type": "code",
   "execution_count": 1,
   "metadata": {},
   "outputs": [
    {
     "data": {
      "text/html": [
       "<script>requirejs.config({paths: { 'plotly': ['https://cdn.plot.ly/plotly-latest.min']},});if(!window.Plotly) {{require(['plotly'],function(plotly) {window.Plotly=plotly;});}}</script>"
      ],
      "text/vnd.plotly.v1+html": [
       "<script>requirejs.config({paths: { 'plotly': ['https://cdn.plot.ly/plotly-latest.min']},});if(!window.Plotly) {{require(['plotly'],function(plotly) {window.Plotly=plotly;});}}</script>"
      ]
     },
     "metadata": {},
     "output_type": "display_data"
    },
    {
     "name": "stdout",
     "output_type": "stream",
     "text": [
      "# File sizes\n",
      "data_description.txt          0.01MB\n",
      "sample_submission.csv         0.03MB\n",
      "sample_submission.csv.gz      0.02MB\n",
      "test.csv                      0.45MB\n",
      "test.csv.gz                   0.08MB\n",
      "train.csv                     0.46MB\n",
      "train.csv.gz                  0.09MB\n"
     ]
    }
   ],
   "source": [
    "import numpy as np\n",
    "import pandas as pd \n",
    "import os\n",
    "import plotly\n",
    "import plotly.plotly as py\n",
    "import plotly.graph_objs as go\n",
    "import plotly.figure_factory as ff\n",
    "from plotly.offline import download_plotlyjs, init_notebook_mode, plot, iplot\n",
    "import seaborn as sns\n",
    "import matplotlib.pyplot as plt\n",
    "\n",
    "plotly.tools.set_credentials_file(username='JianweiBao', api_key='U9Ff5soPF5J9mHYtYgse')\n",
    "\n",
    "import plotly.offline as off\n",
    "off.init_notebook_mode(connected=True)\n",
    "\n",
    "print('# File sizes')\n",
    "for f in os.listdir(r'C:\\Users\\baoji\\Desktop\\House Prices Advanced Regression Techniques'):\n",
    "    if 'zip' not in f:\n",
    "        print(f.ljust(30) + str(round(os.path.getsize(r'C:\\Users\\baoji\\Desktop\\House Prices Advanced Regression Techniques/' + f) / 1000000, 2)) + 'MB')"
   ]
  },
  {
   "cell_type": "code",
   "execution_count": 2,
   "metadata": {},
   "outputs": [
    {
     "name": "stdout",
     "output_type": "stream",
     "text": [
      "(1460, 81)\n"
     ]
    },
    {
     "data": {
      "text/html": [
       "<div>\n",
       "<style>\n",
       "    .dataframe thead tr:only-child th {\n",
       "        text-align: right;\n",
       "    }\n",
       "\n",
       "    .dataframe thead th {\n",
       "        text-align: left;\n",
       "    }\n",
       "\n",
       "    .dataframe tbody tr th {\n",
       "        vertical-align: top;\n",
       "    }\n",
       "</style>\n",
       "<table border=\"1\" class=\"dataframe\">\n",
       "  <thead>\n",
       "    <tr style=\"text-align: right;\">\n",
       "      <th></th>\n",
       "      <th>Id</th>\n",
       "      <th>MSSubClass</th>\n",
       "      <th>MSZoning</th>\n",
       "      <th>LotFrontage</th>\n",
       "      <th>LotArea</th>\n",
       "      <th>Street</th>\n",
       "      <th>Alley</th>\n",
       "      <th>LotShape</th>\n",
       "      <th>LandContour</th>\n",
       "      <th>Utilities</th>\n",
       "      <th>...</th>\n",
       "      <th>PoolArea</th>\n",
       "      <th>PoolQC</th>\n",
       "      <th>Fence</th>\n",
       "      <th>MiscFeature</th>\n",
       "      <th>MiscVal</th>\n",
       "      <th>MoSold</th>\n",
       "      <th>YrSold</th>\n",
       "      <th>SaleType</th>\n",
       "      <th>SaleCondition</th>\n",
       "      <th>SalePrice</th>\n",
       "    </tr>\n",
       "  </thead>\n",
       "  <tbody>\n",
       "    <tr>\n",
       "      <th>0</th>\n",
       "      <td>1</td>\n",
       "      <td>60</td>\n",
       "      <td>RL</td>\n",
       "      <td>65.0</td>\n",
       "      <td>8450</td>\n",
       "      <td>Pave</td>\n",
       "      <td>NaN</td>\n",
       "      <td>Reg</td>\n",
       "      <td>Lvl</td>\n",
       "      <td>AllPub</td>\n",
       "      <td>...</td>\n",
       "      <td>0</td>\n",
       "      <td>NaN</td>\n",
       "      <td>NaN</td>\n",
       "      <td>NaN</td>\n",
       "      <td>0</td>\n",
       "      <td>2</td>\n",
       "      <td>2008</td>\n",
       "      <td>WD</td>\n",
       "      <td>Normal</td>\n",
       "      <td>208500</td>\n",
       "    </tr>\n",
       "    <tr>\n",
       "      <th>1</th>\n",
       "      <td>2</td>\n",
       "      <td>20</td>\n",
       "      <td>RL</td>\n",
       "      <td>80.0</td>\n",
       "      <td>9600</td>\n",
       "      <td>Pave</td>\n",
       "      <td>NaN</td>\n",
       "      <td>Reg</td>\n",
       "      <td>Lvl</td>\n",
       "      <td>AllPub</td>\n",
       "      <td>...</td>\n",
       "      <td>0</td>\n",
       "      <td>NaN</td>\n",
       "      <td>NaN</td>\n",
       "      <td>NaN</td>\n",
       "      <td>0</td>\n",
       "      <td>5</td>\n",
       "      <td>2007</td>\n",
       "      <td>WD</td>\n",
       "      <td>Normal</td>\n",
       "      <td>181500</td>\n",
       "    </tr>\n",
       "    <tr>\n",
       "      <th>2</th>\n",
       "      <td>3</td>\n",
       "      <td>60</td>\n",
       "      <td>RL</td>\n",
       "      <td>68.0</td>\n",
       "      <td>11250</td>\n",
       "      <td>Pave</td>\n",
       "      <td>NaN</td>\n",
       "      <td>IR1</td>\n",
       "      <td>Lvl</td>\n",
       "      <td>AllPub</td>\n",
       "      <td>...</td>\n",
       "      <td>0</td>\n",
       "      <td>NaN</td>\n",
       "      <td>NaN</td>\n",
       "      <td>NaN</td>\n",
       "      <td>0</td>\n",
       "      <td>9</td>\n",
       "      <td>2008</td>\n",
       "      <td>WD</td>\n",
       "      <td>Normal</td>\n",
       "      <td>223500</td>\n",
       "    </tr>\n",
       "    <tr>\n",
       "      <th>3</th>\n",
       "      <td>4</td>\n",
       "      <td>70</td>\n",
       "      <td>RL</td>\n",
       "      <td>60.0</td>\n",
       "      <td>9550</td>\n",
       "      <td>Pave</td>\n",
       "      <td>NaN</td>\n",
       "      <td>IR1</td>\n",
       "      <td>Lvl</td>\n",
       "      <td>AllPub</td>\n",
       "      <td>...</td>\n",
       "      <td>0</td>\n",
       "      <td>NaN</td>\n",
       "      <td>NaN</td>\n",
       "      <td>NaN</td>\n",
       "      <td>0</td>\n",
       "      <td>2</td>\n",
       "      <td>2006</td>\n",
       "      <td>WD</td>\n",
       "      <td>Abnorml</td>\n",
       "      <td>140000</td>\n",
       "    </tr>\n",
       "    <tr>\n",
       "      <th>4</th>\n",
       "      <td>5</td>\n",
       "      <td>60</td>\n",
       "      <td>RL</td>\n",
       "      <td>84.0</td>\n",
       "      <td>14260</td>\n",
       "      <td>Pave</td>\n",
       "      <td>NaN</td>\n",
       "      <td>IR1</td>\n",
       "      <td>Lvl</td>\n",
       "      <td>AllPub</td>\n",
       "      <td>...</td>\n",
       "      <td>0</td>\n",
       "      <td>NaN</td>\n",
       "      <td>NaN</td>\n",
       "      <td>NaN</td>\n",
       "      <td>0</td>\n",
       "      <td>12</td>\n",
       "      <td>2008</td>\n",
       "      <td>WD</td>\n",
       "      <td>Normal</td>\n",
       "      <td>250000</td>\n",
       "    </tr>\n",
       "  </tbody>\n",
       "</table>\n",
       "<p>5 rows × 81 columns</p>\n",
       "</div>"
      ],
      "text/plain": [
       "   Id  MSSubClass MSZoning  LotFrontage  LotArea Street Alley LotShape  \\\n",
       "0   1          60       RL         65.0     8450   Pave   NaN      Reg   \n",
       "1   2          20       RL         80.0     9600   Pave   NaN      Reg   \n",
       "2   3          60       RL         68.0    11250   Pave   NaN      IR1   \n",
       "3   4          70       RL         60.0     9550   Pave   NaN      IR1   \n",
       "4   5          60       RL         84.0    14260   Pave   NaN      IR1   \n",
       "\n",
       "  LandContour Utilities    ...     PoolArea PoolQC Fence MiscFeature MiscVal  \\\n",
       "0         Lvl    AllPub    ...            0    NaN   NaN         NaN       0   \n",
       "1         Lvl    AllPub    ...            0    NaN   NaN         NaN       0   \n",
       "2         Lvl    AllPub    ...            0    NaN   NaN         NaN       0   \n",
       "3         Lvl    AllPub    ...            0    NaN   NaN         NaN       0   \n",
       "4         Lvl    AllPub    ...            0    NaN   NaN         NaN       0   \n",
       "\n",
       "  MoSold YrSold  SaleType  SaleCondition  SalePrice  \n",
       "0      2   2008        WD         Normal     208500  \n",
       "1      5   2007        WD         Normal     181500  \n",
       "2      9   2008        WD         Normal     223500  \n",
       "3      2   2006        WD        Abnorml     140000  \n",
       "4     12   2008        WD         Normal     250000  \n",
       "\n",
       "[5 rows x 81 columns]"
      ]
     },
     "execution_count": 2,
     "metadata": {},
     "output_type": "execute_result"
    }
   ],
   "source": [
    "train=pd.read_csv(r'C:\\Users\\baoji\\Desktop\\House Prices Advanced Regression Techniques/train.csv')\n",
    "print(train.shape)\n",
    "train.head()"
   ]
  },
  {
   "cell_type": "code",
   "execution_count": 3,
   "metadata": {},
   "outputs": [
    {
     "name": "stdout",
     "output_type": "stream",
     "text": [
      "(1459, 80)\n"
     ]
    },
    {
     "data": {
      "text/html": [
       "<div>\n",
       "<style>\n",
       "    .dataframe thead tr:only-child th {\n",
       "        text-align: right;\n",
       "    }\n",
       "\n",
       "    .dataframe thead th {\n",
       "        text-align: left;\n",
       "    }\n",
       "\n",
       "    .dataframe tbody tr th {\n",
       "        vertical-align: top;\n",
       "    }\n",
       "</style>\n",
       "<table border=\"1\" class=\"dataframe\">\n",
       "  <thead>\n",
       "    <tr style=\"text-align: right;\">\n",
       "      <th></th>\n",
       "      <th>Id</th>\n",
       "      <th>MSSubClass</th>\n",
       "      <th>MSZoning</th>\n",
       "      <th>LotFrontage</th>\n",
       "      <th>LotArea</th>\n",
       "      <th>Street</th>\n",
       "      <th>Alley</th>\n",
       "      <th>LotShape</th>\n",
       "      <th>LandContour</th>\n",
       "      <th>Utilities</th>\n",
       "      <th>...</th>\n",
       "      <th>ScreenPorch</th>\n",
       "      <th>PoolArea</th>\n",
       "      <th>PoolQC</th>\n",
       "      <th>Fence</th>\n",
       "      <th>MiscFeature</th>\n",
       "      <th>MiscVal</th>\n",
       "      <th>MoSold</th>\n",
       "      <th>YrSold</th>\n",
       "      <th>SaleType</th>\n",
       "      <th>SaleCondition</th>\n",
       "    </tr>\n",
       "  </thead>\n",
       "  <tbody>\n",
       "    <tr>\n",
       "      <th>0</th>\n",
       "      <td>1461</td>\n",
       "      <td>20</td>\n",
       "      <td>RH</td>\n",
       "      <td>80.0</td>\n",
       "      <td>11622</td>\n",
       "      <td>Pave</td>\n",
       "      <td>NaN</td>\n",
       "      <td>Reg</td>\n",
       "      <td>Lvl</td>\n",
       "      <td>AllPub</td>\n",
       "      <td>...</td>\n",
       "      <td>120</td>\n",
       "      <td>0</td>\n",
       "      <td>NaN</td>\n",
       "      <td>MnPrv</td>\n",
       "      <td>NaN</td>\n",
       "      <td>0</td>\n",
       "      <td>6</td>\n",
       "      <td>2010</td>\n",
       "      <td>WD</td>\n",
       "      <td>Normal</td>\n",
       "    </tr>\n",
       "    <tr>\n",
       "      <th>1</th>\n",
       "      <td>1462</td>\n",
       "      <td>20</td>\n",
       "      <td>RL</td>\n",
       "      <td>81.0</td>\n",
       "      <td>14267</td>\n",
       "      <td>Pave</td>\n",
       "      <td>NaN</td>\n",
       "      <td>IR1</td>\n",
       "      <td>Lvl</td>\n",
       "      <td>AllPub</td>\n",
       "      <td>...</td>\n",
       "      <td>0</td>\n",
       "      <td>0</td>\n",
       "      <td>NaN</td>\n",
       "      <td>NaN</td>\n",
       "      <td>Gar2</td>\n",
       "      <td>12500</td>\n",
       "      <td>6</td>\n",
       "      <td>2010</td>\n",
       "      <td>WD</td>\n",
       "      <td>Normal</td>\n",
       "    </tr>\n",
       "    <tr>\n",
       "      <th>2</th>\n",
       "      <td>1463</td>\n",
       "      <td>60</td>\n",
       "      <td>RL</td>\n",
       "      <td>74.0</td>\n",
       "      <td>13830</td>\n",
       "      <td>Pave</td>\n",
       "      <td>NaN</td>\n",
       "      <td>IR1</td>\n",
       "      <td>Lvl</td>\n",
       "      <td>AllPub</td>\n",
       "      <td>...</td>\n",
       "      <td>0</td>\n",
       "      <td>0</td>\n",
       "      <td>NaN</td>\n",
       "      <td>MnPrv</td>\n",
       "      <td>NaN</td>\n",
       "      <td>0</td>\n",
       "      <td>3</td>\n",
       "      <td>2010</td>\n",
       "      <td>WD</td>\n",
       "      <td>Normal</td>\n",
       "    </tr>\n",
       "    <tr>\n",
       "      <th>3</th>\n",
       "      <td>1464</td>\n",
       "      <td>60</td>\n",
       "      <td>RL</td>\n",
       "      <td>78.0</td>\n",
       "      <td>9978</td>\n",
       "      <td>Pave</td>\n",
       "      <td>NaN</td>\n",
       "      <td>IR1</td>\n",
       "      <td>Lvl</td>\n",
       "      <td>AllPub</td>\n",
       "      <td>...</td>\n",
       "      <td>0</td>\n",
       "      <td>0</td>\n",
       "      <td>NaN</td>\n",
       "      <td>NaN</td>\n",
       "      <td>NaN</td>\n",
       "      <td>0</td>\n",
       "      <td>6</td>\n",
       "      <td>2010</td>\n",
       "      <td>WD</td>\n",
       "      <td>Normal</td>\n",
       "    </tr>\n",
       "    <tr>\n",
       "      <th>4</th>\n",
       "      <td>1465</td>\n",
       "      <td>120</td>\n",
       "      <td>RL</td>\n",
       "      <td>43.0</td>\n",
       "      <td>5005</td>\n",
       "      <td>Pave</td>\n",
       "      <td>NaN</td>\n",
       "      <td>IR1</td>\n",
       "      <td>HLS</td>\n",
       "      <td>AllPub</td>\n",
       "      <td>...</td>\n",
       "      <td>144</td>\n",
       "      <td>0</td>\n",
       "      <td>NaN</td>\n",
       "      <td>NaN</td>\n",
       "      <td>NaN</td>\n",
       "      <td>0</td>\n",
       "      <td>1</td>\n",
       "      <td>2010</td>\n",
       "      <td>WD</td>\n",
       "      <td>Normal</td>\n",
       "    </tr>\n",
       "  </tbody>\n",
       "</table>\n",
       "<p>5 rows × 80 columns</p>\n",
       "</div>"
      ],
      "text/plain": [
       "     Id  MSSubClass MSZoning  LotFrontage  LotArea Street Alley LotShape  \\\n",
       "0  1461          20       RH         80.0    11622   Pave   NaN      Reg   \n",
       "1  1462          20       RL         81.0    14267   Pave   NaN      IR1   \n",
       "2  1463          60       RL         74.0    13830   Pave   NaN      IR1   \n",
       "3  1464          60       RL         78.0     9978   Pave   NaN      IR1   \n",
       "4  1465         120       RL         43.0     5005   Pave   NaN      IR1   \n",
       "\n",
       "  LandContour Utilities      ...       ScreenPorch PoolArea PoolQC  Fence  \\\n",
       "0         Lvl    AllPub      ...               120        0    NaN  MnPrv   \n",
       "1         Lvl    AllPub      ...                 0        0    NaN    NaN   \n",
       "2         Lvl    AllPub      ...                 0        0    NaN  MnPrv   \n",
       "3         Lvl    AllPub      ...                 0        0    NaN    NaN   \n",
       "4         HLS    AllPub      ...               144        0    NaN    NaN   \n",
       "\n",
       "  MiscFeature MiscVal MoSold  YrSold  SaleType  SaleCondition  \n",
       "0         NaN       0      6    2010        WD         Normal  \n",
       "1        Gar2   12500      6    2010        WD         Normal  \n",
       "2         NaN       0      3    2010        WD         Normal  \n",
       "3         NaN       0      6    2010        WD         Normal  \n",
       "4         NaN       0      1    2010        WD         Normal  \n",
       "\n",
       "[5 rows x 80 columns]"
      ]
     },
     "execution_count": 3,
     "metadata": {},
     "output_type": "execute_result"
    }
   ],
   "source": [
    "test=pd.read_csv(r'C:\\Users\\baoji\\Desktop\\House Prices Advanced Regression Techniques/test.csv')\n",
    "print(test.shape)\n",
    "test.head()"
   ]
  },
  {
   "cell_type": "code",
   "execution_count": 4,
   "metadata": {},
   "outputs": [
    {
     "data": {
      "text/plain": [
       "Index(['Id', 'MSSubClass', 'MSZoning', 'LotFrontage', 'LotArea', 'Street',\n",
       "       'Alley', 'LotShape', 'LandContour', 'Utilities', 'LotConfig',\n",
       "       'LandSlope', 'Neighborhood', 'Condition1', 'Condition2', 'BldgType',\n",
       "       'HouseStyle', 'OverallQual', 'OverallCond', 'YearBuilt', 'YearRemodAdd',\n",
       "       'RoofStyle', 'RoofMatl', 'Exterior1st', 'Exterior2nd', 'MasVnrType',\n",
       "       'MasVnrArea', 'ExterQual', 'ExterCond', 'Foundation', 'BsmtQual',\n",
       "       'BsmtCond', 'BsmtExposure', 'BsmtFinType1', 'BsmtFinSF1',\n",
       "       'BsmtFinType2', 'BsmtFinSF2', 'BsmtUnfSF', 'TotalBsmtSF', 'Heating',\n",
       "       'HeatingQC', 'CentralAir', 'Electrical', '1stFlrSF', '2ndFlrSF',\n",
       "       'LowQualFinSF', 'GrLivArea', 'BsmtFullBath', 'BsmtHalfBath', 'FullBath',\n",
       "       'HalfBath', 'BedroomAbvGr', 'KitchenAbvGr', 'KitchenQual',\n",
       "       'TotRmsAbvGrd', 'Functional', 'Fireplaces', 'FireplaceQu', 'GarageType',\n",
       "       'GarageYrBlt', 'GarageFinish', 'GarageCars', 'GarageArea', 'GarageQual',\n",
       "       'GarageCond', 'PavedDrive', 'WoodDeckSF', 'OpenPorchSF',\n",
       "       'EnclosedPorch', '3SsnPorch', 'ScreenPorch', 'PoolArea', 'PoolQC',\n",
       "       'Fence', 'MiscFeature', 'MiscVal', 'MoSold', 'YrSold', 'SaleType',\n",
       "       'SaleCondition', 'SalePrice'],\n",
       "      dtype='object')"
      ]
     },
     "execution_count": 4,
     "metadata": {},
     "output_type": "execute_result"
    }
   ],
   "source": [
    "train.columns"
   ]
  },
  {
   "cell_type": "markdown",
   "metadata": {},
   "source": [
    "# Data Preprocessing"
   ]
  },
  {
   "attachments": {},
   "cell_type": "markdown",
   "metadata": {},
   "source": [
    "1. Identify and delete the outliers\n",
    "2. Normalize skewed features and the response variable by taking log(feature + 1)\n",
    "3. Replace missing values with the mean of their respective columns\n",
    "4. Create dummy variables for categorical features"
   ]
  },
  {
   "cell_type": "markdown",
   "metadata": {},
   "source": [
    "# Ourliers"
   ]
  },
  {
   "cell_type": "markdown",
   "metadata": {},
   "source": [
    "Outliers are observations deviate to a notable extent from the typical pattern. "
   ]
  },
  {
   "cell_type": "markdown",
   "metadata": {},
   "source": [
    "Firstly, we will find important features by plotting the correlation matrix, and then look for outliers in these important features."
   ]
  },
  {
   "cell_type": "code",
   "execution_count": 5,
   "metadata": {},
   "outputs": [
    {
     "data": {
      "application/vnd.plotly.v1+json": {
       "data": [
        {
         "colorscale": "Viridis",
         "type": "heatmap",
         "x": [
          "Id",
          "MSSubClass",
          "LotFrontage",
          "LotArea",
          "OverallQual",
          "OverallCond",
          "YearBuilt",
          "YearRemodAdd",
          "MasVnrArea",
          "BsmtFinSF1",
          "BsmtFinSF2",
          "BsmtUnfSF",
          "TotalBsmtSF",
          "1stFlrSF",
          "2ndFlrSF",
          "LowQualFinSF",
          "GrLivArea",
          "BsmtFullBath",
          "BsmtHalfBath",
          "FullBath",
          "HalfBath",
          "BedroomAbvGr",
          "KitchenAbvGr",
          "TotRmsAbvGrd",
          "Fireplaces",
          "GarageYrBlt",
          "GarageCars",
          "GarageArea",
          "WoodDeckSF",
          "OpenPorchSF",
          "EnclosedPorch",
          "3SsnPorch",
          "ScreenPorch",
          "PoolArea",
          "MiscVal",
          "MoSold",
          "YrSold",
          "SalePrice"
         ],
         "y": [
          "Id",
          "MSSubClass",
          "LotFrontage",
          "LotArea",
          "OverallQual",
          "OverallCond",
          "YearBuilt",
          "YearRemodAdd",
          "MasVnrArea",
          "BsmtFinSF1",
          "BsmtFinSF2",
          "BsmtUnfSF",
          "TotalBsmtSF",
          "1stFlrSF",
          "2ndFlrSF",
          "LowQualFinSF",
          "GrLivArea",
          "BsmtFullBath",
          "BsmtHalfBath",
          "FullBath",
          "HalfBath",
          "BedroomAbvGr",
          "KitchenAbvGr",
          "TotRmsAbvGrd",
          "Fireplaces",
          "GarageYrBlt",
          "GarageCars",
          "GarageArea",
          "WoodDeckSF",
          "OpenPorchSF",
          "EnclosedPorch",
          "3SsnPorch",
          "ScreenPorch",
          "PoolArea",
          "MiscVal",
          "MoSold",
          "YrSold",
          "SalePrice"
         ],
         "z": [
          [
           1,
           0.011156478201382672,
           -0.010600688552399245,
           -0.03322551858568492,
           -0.028364753937537245,
           0.012608924775951698,
           -0.012712715387846654,
           -0.021997641857505437,
           -0.05029779517170459,
           -0.0050240490416610575,
           -0.005967671960281668,
           -0.007939703357717261,
           -0.015414566107910999,
           0.010496040954083016,
           0.005589848886158616,
           -0.04422995808659233,
           0.008272757661810213,
           0.002288555600833932,
           -0.02015474521553456,
           0.005587452907357383,
           0.006783811284297757,
           0.03771855422321125,
           0.0029512363577246527,
           0.027238724409455572,
           -0.019771632442392516,
           7.239023599542003e-05,
           0.016569677112146044,
           0.017633778453766888,
           -0.02964319715640263,
           -0.00047691132479109967,
           0.002889217865750098,
           -0.04663478886742706,
           0.0013302086301727792,
           0.057043904789252,
           -0.0062424048483025575,
           0.021172176550393426,
           0.0007117940170476534,
           -0.021916719443431112
          ],
          [
           0.011156478201382672,
           1,
           -0.3863468853449303,
           -0.13978108172014636,
           0.032627707521842186,
           -0.05931581708410461,
           0.027850136946706617,
           0.0405810447840647,
           0.022936285894197175,
           -0.06983574916710103,
           -0.06564857918852456,
           -0.14075948083501214,
           -0.23851840931512,
           -0.2517583518783804,
           0.30788572075985965,
           0.04647375589951825,
           0.07485317965779979,
           0.00349102577904494,
           -0.0023325345518021793,
           0.13160822241028183,
           0.17735438864391526,
           -0.02343802846062763,
           0.281721040264881,
           0.04038006478367577,
           -0.045569340274569284,
           0.08507186950664651,
           -0.04010979313578374,
           -0.09867154319256446,
           -0.012579358249219704,
           -0.0061001212319422415,
           -0.012036621902094572,
           -0.04382454917560825,
           -0.026030176699806493,
           0.008282707579624323,
           -0.007683291329866207,
           -0.013584643238322446,
           -0.021407037851093803,
           -0.08428413512659523
          ],
          [
           -0.010600688552399245,
           -0.3863468853449303,
           1,
           0.4260950187718087,
           0.25164577548061245,
           -0.05921345000524757,
           0.12334946703331695,
           0.08886557249206857,
           0.19345806055826895,
           0.23363316701975517,
           0.04989967669098971,
           0.13264374162493386,
           0.39207457637917215,
           0.4571810019946558,
           0.0801772706242048,
           0.038468534328960156,
           0.40279741408532066,
           0.10094856694926896,
           -0.007234304524918143,
           0.1987686778973781,
           0.05353185497960573,
           0.26316991588106087,
           -0.006068830161309095,
           0.35209594766022567,
           0.2666394825603015,
           0.07024978191661561,
           0.28569092468510454,
           0.34499672410648324,
           0.08852093328940891,
           0.15197222768060648,
           0.01070033663888262,
           0.07002922773085192,
           0.04138279067500541,
           0.20616677527607583,
           0.0033675565961912833,
           0.011199954759134191,
           0.007449589209775585,
           0.35179909657067854
          ],
          [
           -0.03322551858568492,
           -0.13978108172014636,
           0.4260950187718087,
           1,
           0.10580574175496442,
           -0.005636270274099174,
           0.014227651757024678,
           0.013788427078154822,
           0.10415982154021164,
           0.21410313070557835,
           0.11116974549624932,
           -0.0026183599500954335,
           0.26083313454515794,
           0.29947457850776354,
           0.05098594829349351,
           0.004778969866349652,
           0.26311616716714836,
           0.1581545310600175,
           0.048045570888297716,
           0.1260306265196434,
           0.014259468566431727,
           0.11968990815131679,
           -0.017783870504841866,
           0.19001477762540772,
           0.2713640096245405,
           -0.02494741866564036,
           0.15487073975354074,
           0.18040275515111656,
           0.17169768725711357,
           0.08477380884021646,
           -0.018339733672212276,
           0.020422829586133177,
           0.043160377695251814,
           0.07767239188017415,
           0.03806769201918441,
           0.0012049882225877388,
           -0.014261407298531923,
           0.2638433538714063
          ],
          [
           -0.028364753937537245,
           0.032627707521842186,
           0.25164577548061245,
           0.10580574175496442,
           1,
           -0.09193234263907184,
           0.572322768962362,
           0.550683924194174,
           0.41187566727767955,
           0.23966596617889305,
           -0.05911869267069023,
           0.30815892690564345,
           0.5378084986123927,
           0.4762238290781775,
           0.29549287919971035,
           -0.03042928397960494,
           0.5930074300286511,
           0.11109778614230408,
           -0.04015015766998875,
           0.5505997093682552,
           0.27345809864277076,
           0.10167635624178653,
           -0.18388223454922223,
           0.42745234327798615,
           0.39676503795208756,
           0.5477658448351637,
           0.6006707165907189,
           0.5620217566126064,
           0.23892339224919107,
           0.30881882335945265,
           -0.11393685859568092,
           0.03037056713526411,
           0.06488636049351724,
           0.06516584360589141,
           -0.03140621050074753,
           0.07081517178517302,
           -0.02734670832780769,
           0.7909816005838047
          ],
          [
           0.012608924775951698,
           -0.05931581708410461,
           -0.05921345000524757,
           -0.005636270274099174,
           -0.09193234263907184,
           1,
           -0.37598319560698873,
           0.07374149814528969,
           -0.12810119916569077,
           -0.046230855918224914,
           0.04022916989976808,
           -0.1368405698935219,
           -0.17109751462492115,
           -0.1442027840490588,
           0.028942115965816365,
           0.025494319914214247,
           -0.07968586538833754,
           -0.054941515432952504,
           0.117820915081395,
           -0.19414948874930252,
           -0.06076932676159386,
           0.012980060094550657,
           -0.08700085543637874,
           -0.05758316611286472,
           -0.02381997776166174,
           -0.3242967325294011,
           -0.1857575105783602,
           -0.1515213705702289,
           -0.00333369928938553,
           -0.03258881352158479,
           0.07035618448230385,
           0.025503660024131836,
           0.05481052878611371,
           -0.0019849422681843475,
           0.06877680605724883,
           -0.0035108385999397577,
           0.043949745692480675,
           -0.0778558940486776
          ],
          [
           -0.012712715387846654,
           0.027850136946706617,
           0.12334946703331695,
           0.014227651757024678,
           0.572322768962362,
           -0.37598319560698873,
           1,
           0.5928549763436497,
           0.31570706243619523,
           0.24950319668479937,
           -0.049106831196239806,
           0.14904039195440044,
           0.39145200206609476,
           0.28198585869980175,
           0.01030765958436373,
           -0.18378434437372668,
           0.1990097136764581,
           0.1875985499971459,
           -0.038161805671233694,
           0.4682707871726734,
           0.24265591024106203,
           -0.07065121690473095,
           -0.1748002456149784,
           0.0955891282979514,
           0.1477163994124546,
           0.8256674841743434,
           0.5378500917111045,
           0.4789538198934912,
           0.22488014230399725,
           0.18868584000173075,
           -0.38726778292807656,
           0.03135451306436335,
           -0.05036443453861163,
           0.00494972761594348,
           -0.03438313873672352,
           0.012398470595442182,
           -0.013617680001842058,
           0.5228973328794967
          ],
          [
           -0.021997641857505437,
           0.0405810447840647,
           0.08886557249206857,
           0.013788427078154822,
           0.550683924194174,
           0.07374149814528969,
           0.5928549763436497,
           1,
           0.1796183707355165,
           0.12845054712828968,
           -0.06775851356598678,
           0.18113308705016823,
           0.29106558260416654,
           0.24037926760355563,
           0.14002377880486408,
           -0.0624191000783343,
           0.28738851965033274,
           0.1194698791112425,
           -0.01233703212779989,
           0.43904648387234635,
           0.18333061171853401,
           -0.04058092806774957,
           -0.14959752104274765,
           0.1917398162928071,
           0.11258131843947493,
           0.6422767797035414,
           0.4206221549432185,
           0.371599809497309,
           0.20572592049010316,
           0.2262976326829877,
           -0.19391914709920693,
           0.04528580981497537,
           -0.03874001074260982,
           0.0058293720371077355,
           -0.010286248783081717,
           0.021490002226876855,
           0.03574324712128322,
           0.5071009671113867
          ],
          [
           -0.05029779517170459,
           0.022936285894197175,
           0.19345806055826895,
           0.10415982154021164,
           0.41187566727767955,
           -0.12810119916569077,
           0.31570706243619523,
           0.1796183707355165,
           1,
           0.2647362647138647,
           -0.07231884820335596,
           0.11444206231380714,
           0.3639362217744695,
           0.3445007468899201,
           0.17456147345742778,
           -0.06907085606589486,
           0.3908566397384352,
           0.08530982868972696,
           0.02667282815510286,
           0.2768328472369822,
           0.20144394692967793,
           0.10282115127801826,
           -0.037610251819868996,
           0.28068169460850473,
           0.24906961283714132,
           0.25269077499033554,
           0.3642036400698638,
           0.37306648160023304,
           0.15971813436595525,
           0.1257027966825022,
           -0.11020383387243465,
           0.01879551529491412,
           0.06146554318732059,
           0.011723061213266746,
           -0.029815393585278842,
           -0.0059647155091142635,
           -0.008201030967105458,
           0.4774930470957107
          ],
          [
           -0.0050240490416610575,
           -0.06983574916710103,
           0.23363316701975517,
           0.21410313070557835,
           0.23966596617889305,
           -0.046230855918224914,
           0.24950319668479937,
           0.12845054712828968,
           0.2647362647138647,
           1,
           -0.05011740004715191,
           -0.49525146925701485,
           0.5223960519923907,
           0.4458626560920095,
           -0.13707898608005406,
           -0.0645025969214698,
           0.20817113014532806,
           0.6492117535742737,
           0.0674184779101191,
           0.058543136861595575,
           0.004262424384486897,
           -0.10735467682307238,
           -0.08100685077857563,
           0.0443156239129205,
           0.2600109202350418,
           0.153484098026779,
           0.22405352239399126,
           0.29697038534451464,
           0.20430614523740545,
           0.11176061335675173,
           -0.10230330550073302,
           0.026450506189898835,
           0.06202062266535013,
           0.14049128625495722,
           0.003571473474954832,
           -0.015726948262154733,
           0.014358922393912487,
           0.38641980624215627
          ],
          [
           -0.005967671960281668,
           -0.06564857918852456,
           0.04989967669098971,
           0.11116974549624932,
           -0.05911869267069023,
           0.04022916989976808,
           -0.049106831196239806,
           -0.06775851356598678,
           -0.07231884820335596,
           -0.05011740004715191,
           1,
           -0.20929449241994658,
           0.10480953760636849,
           0.09711744845667107,
           -0.09926031602264533,
           0.014806997946834337,
           -0.00963989155180548,
           0.15867806078170232,
           0.07094813365590494,
           -0.07644386196518434,
           -0.032147837468965525,
           -0.015728113626581382,
           -0.040751236448406995,
           -0.035226547947523404,
           0.0469207088260135,
           -0.08801081541220061,
           -0.038263512869251774,
           -0.018226591907316646,
           0.06789832641361276,
           0.0030925622098945888,
           0.03654333944820929,
           -0.029993397993919868,
           0.08887125137339077,
           0.041709054681333034,
           0.0049397812284377755,
           -0.015210737972006717,
           0.03170563698488748,
           -0.011378121450215216
          ],
          [
           -0.007939703357717261,
           -0.14075948083501214,
           0.13264374162493386,
           -0.0026183599500954335,
           0.30815892690564345,
           -0.1368405698935219,
           0.14904039195440044,
           0.18113308705016823,
           0.11444206231380714,
           -0.49525146925701485,
           -0.20929449241994658,
           1,
           0.41535960518158943,
           0.3179874383527257,
           0.004469092144542394,
           0.028166688132741903,
           0.24025726834993516,
           -0.4229004773832192,
           -0.09580428815248464,
           0.2888860554869107,
           -0.041117530144551086,
           0.16664331698696383,
           0.030085868314000223,
           0.25064706137624776,
           0.051574882289541504,
           0.19070827345893301,
           0.21417518975021707,
           0.18330269774258381,
           -0.005316424333062044,
           0.1290054146154213,
           -0.0025378545897515683,
           0.02076400569654775,
           -0.012579273444256776,
           -0.035092240793657865,
           -0.02383664513450834,
           0.03488844300908199,
           -0.041258194938762024,
           0.214479105546969
          ],
          [
           -0.015414566107910999,
           -0.23851840931512,
           0.39207457637917215,
           0.26083313454515794,
           0.5378084986123927,
           -0.17109751462492115,
           0.39145200206609476,
           0.29106558260416654,
           0.3639362217744695,
           0.5223960519923907,
           0.10480953760636849,
           0.41535960518158943,
           1,
           0.8195299750050355,
           -0.17451195013495976,
           -0.03324538734745721,
           0.4548682025479028,
           0.30735055373550824,
           -0.00031458181983372096,
           0.32372241360664983,
           -0.048803738635211875,
           0.05044995551267859,
           -0.06890064264201692,
           0.2855725637257923,
           0.3395193238986534,
           0.3224451736794758,
           0.43458483429168826,
           0.48666546377379655,
           0.23201860912901978,
           0.2472637462881077,
           -0.0954777367064077,
           0.03738372726300451,
           0.08448898591431103,
           0.12605313210083696,
           -0.018478922431472533,
           0.013196178616778513,
           -0.01496864801875107,
           0.6135805515591944
          ],
          [
           0.010496040954083016,
           -0.2517583518783804,
           0.4571810019946558,
           0.29947457850776354,
           0.4762238290781775,
           -0.1442027840490588,
           0.28198585869980175,
           0.24037926760355563,
           0.3445007468899201,
           0.4458626560920095,
           0.09711744845667107,
           0.3179874383527257,
           0.8195299750050355,
           1,
           -0.20264618100231988,
           -0.014240672666431465,
           0.5660239689357487,
           0.24467110424771435,
           0.001955653582048776,
           0.38063749497350763,
           -0.11991590879396018,
           0.12740074939236587,
           0.06810058817691354,
           0.40951597886682883,
           0.41053108465984434,
           0.23344909271486305,
           0.43931680799067063,
           0.4897816541041915,
           0.23545862278369958,
           0.21167122549798492,
           -0.06529170091030902,
           0.05610437448487474,
           0.0887580726201564,
           0.13152497564028195,
           -0.02109571946312286,
           0.031371560352079074,
           -0.013603770504648229,
           0.6058521846919166
          ],
          [
           0.005589848886158616,
           0.30788572075985965,
           0.0801772706242048,
           0.05098594829349351,
           0.29549287919971035,
           0.028942115965816365,
           0.01030765958436373,
           0.14002377880486408,
           0.17456147345742778,
           -0.13707898608005406,
           -0.09926031602264533,
           0.004469092144542394,
           -0.17451195013495976,
           -0.20264618100231988,
           1,
           0.06335295010932407,
           0.6875010641666008,
           -0.16949395173100076,
           -0.02385478393704534,
           0.42137798287597156,
           0.6097073002717444,
           0.5029006133459021,
           0.05930575264821606,
           0.6164226354915353,
           0.1945608922413219,
           0.07083233971737964,
           0.18392558307637655,
           0.1383469585718656,
           0.09216541758603838,
